---------------------------------------------------------------------------------------------------------
Goal Position: [11  1]
Step |   Pos (r, c) | Action | Dist Before | Dist After | Dense Rew | Step Pen | Total Rew
---------------------------------------------------------------------------------------------------------
   1 |        [8 1] |     SE |      3.0000 |     2.2361 |    0.0000 |     -0.1 |   -0.1000
   2 |        [9 2] |     SE |      3.0000 |     2.2361 |    1.0000 |     -0.1 |    0.9000
   3 |      [10  3] |     SE |      2.0000 |     3.0000 |   -1.0000 |     -0.1 |   -1.1000
   4 |      [11  4] |     NE |      3.0000 |     4.1231 |   -1.0000 |     -0.1 |   -1.1000
   5 |      [10  5] |     SW |      4.0000 |     3.0000 |    1.0000 |     -0.1 |    0.9000
   6 |      [11  4] |     NE |      3.0000 |     4.1231 |   -1.0000 |     -0.1 |   -1.1000
   7 |      [10  5] |     SW |      4.0000 |     3.0000 |    1.0000 |     -0.1 |    0.9000
   8 |      [11  4] |     NE |      3.0000 |     4.1231 |   -1.0000 |     -0.1 |   -1.1000
   9 |      [10  5] |     SW |      4.0000 |     3.0000 |  -49.0000 |     -0.1 |  -49.1000
---------------------------------------------------------------------------------------------------------

