---------------------------------------------------------------------------------------------------------
Goal Position: [11  1]
Step |   Pos (r, c) | Action | Dist Before | Dist After | Dense Rew | Step Pen | Total Rew
---------------------------------------------------------------------------------------------------------
   1 |        [8 1] |     SW |      3.0000 |     2.2361 |    1.5000 |     -0.1 |    1.4000
   2 |        [9 0] |      E |      2.0000 |     2.0000 |    0.5000 |     -0.1 |    0.4000
   3 |        [9 1] |      N |      2.0000 |     3.0000 |   -1.0000 |     -0.1 |   -1.1000
   4 |        [8 1] |     SW |      3.0000 |     2.2361 |    1.0000 |     -0.1 |    0.9000
   5 |        [9 0] |      E |      2.0000 |     2.0000 |    0.0000 |     -0.1 |   -0.1000
   6 |        [9 1] |      N |      2.0000 |     3.0000 |   -1.0000 |     -0.1 |   -1.1000
   7 |        [8 1] |     SW |      3.0000 |     2.2361 |    1.0000 |     -0.1 |    0.9000
   8 |        [9 0] |      E |      2.0000 |     2.0000 |    0.0000 |     -0.1 |   -0.1000
   9 |        [9 1] |      N |      2.0000 |     3.0000 |   -1.0000 |     -0.1 |   -1.1000
  10 |        [8 1] |     SW |      3.0000 |     2.2361 |    1.0000 |     -0.1 |    0.9000
  11 |        [9 0] |      E |      2.0000 |     2.0000 |    0.0000 |     -0.1 |   -0.1000
  12 |        [9 1] |      N |      2.0000 |     3.0000 |   -1.0000 |     -0.1 |   -1.1000
  13 |        [8 1] |     SW |      3.0000 |     2.2361 |    1.0000 |     -0.1 |    0.9000
  14 |        [9 0] |      E |      2.0000 |     2.0000 |    0.0000 |     -0.1 |   -0.1000
  15 |        [9 1] |      N |      2.0000 |     3.0000 |   -1.0000 |     -0.1 |   -1.1000
  16 |        [8 1] |     SW |      3.0000 |     2.2361 |    1.0000 |     -0.1 |    0.9000
  17 |        [9 0] |      E |      2.0000 |     2.0000 |    0.0000 |     -0.1 |   -0.1000
  18 |        [9 1] |      N |      2.0000 |     3.0000 |   -1.0000 |     -0.1 |   -1.1000
  19 |        [8 1] |     SW |      3.0000 |     2.2361 |    1.0000 |     -0.1 |    0.9000
  20 |        [9 0] |      E |      2.0000 |     2.0000 |    0.0000 |     -0.1 |   -0.1000
  21 |        [9 1] |      N |      2.0000 |     3.0000 |   -1.0000 |     -0.1 |   -1.1000
  22 |        [8 1] |     SW |      3.0000 |     2.2361 |    1.0000 |     -0.1 |    0.9000
  23 |        [9 0] |      E |      2.0000 |     2.0000 |    0.0000 |     -0.1 |   -0.1000
  24 |        [9 1] |      N |      2.0000 |     3.0000 |   -1.0000 |     -0.1 |   -1.1000
  25 |        [8 1] |     SW |      3.0000 |     2.2361 |    1.0000 |     -0.1 |    0.9000
  26 |        [9 0] |      E |      2.0000 |     2.0000 |    0.0000 |     -0.1 |   -0.1000
  27 |        [9 1] |      N |      2.0000 |     3.0000 |   -1.0000 |     -0.1 |   -1.1000
  28 |        [8 1] |     SW |      3.0000 |     2.2361 |    1.0000 |     -0.1 |    0.9000
  29 |        [9 0] |      E |      2.0000 |     2.0000 |    0.0000 |     -0.1 |   -0.1000
  30 |        [9 1] |      N |      2.0000 |     3.0000 |   -1.0000 |     -0.1 |   -1.1000
  31 |        [8 1] |     SW |      3.0000 |     2.2361 |    1.0000 |     -0.1 |    0.9000
  32 |        [9 0] |      E |      2.0000 |     2.0000 |    0.0000 |     -0.1 |   -0.1000
  33 |        [9 1] |      N |      2.0000 |     3.0000 |   -1.0000 |     -0.1 |   -1.1000
  34 |        [8 1] |     SW |      3.0000 |     2.2361 |    1.0000 |     -0.1 |    0.9000
  35 |        [9 0] |      E |      2.0000 |     2.0000 |    0.0000 |     -0.1 |   -0.1000
  36 |        [9 1] |      N |      2.0000 |     3.0000 |   -1.0000 |     -0.1 |   -1.1000
  37 |        [8 1] |     SW |      3.0000 |     2.2361 |    1.0000 |     -0.1 |    0.9000
  38 |        [9 0] |      E |      2.0000 |     2.0000 |    0.0000 |     -0.1 |   -0.1000
  39 |        [9 1] |      N |      2.0000 |     3.0000 |   -1.0000 |     -0.1 |   -1.1000
  40 |        [8 1] |     SW |      3.0000 |     2.2361 |    1.0000 |     -0.1 |    0.9000
  41 |        [9 0] |      E |      2.0000 |     2.0000 |    0.0000 |     -0.1 |   -0.1000
  42 |        [9 1] |      N |      2.0000 |     3.0000 |   -1.0000 |     -0.1 |   -1.1000
  43 |        [8 1] |     SW |      3.0000 |     2.2361 |    1.0000 |     -0.1 |    0.9000
  44 |        [9 0] |      E |      2.0000 |     2.0000 |    0.0000 |     -0.1 |   -0.1000
  45 |        [9 1] |      N |      2.0000 |     3.0000 |   -1.0000 |     -0.1 |   -1.1000
  46 |        [8 1] |     SW |      3.0000 |     2.2361 |    1.0000 |     -0.1 |    0.9000
  47 |        [9 0] |      E |      2.0000 |     2.0000 |    0.0000 |     -0.1 |   -0.1000
  48 |        [9 1] |      N |      2.0000 |     3.0000 |   -1.0000 |     -0.1 |   -1.1000
  49 |        [8 1] |     SW |      3.0000 |     2.2361 |    1.0000 |     -0.1 |    0.9000
  50 |        [9 0] |      E |      2.0000 |     2.0000 |    0.0000 |     -0.1 |   -0.1000
  51 |        [9 1] |      N |      2.0000 |     3.0000 |   -1.0000 |     -0.1 |   -1.1000
  52 |        [8 1] |     SW |      3.0000 |     2.2361 |    1.0000 |     -0.1 |    0.9000
  53 |        [9 0] |      E |      2.0000 |     2.0000 |    0.0000 |     -0.1 |   -0.1000
  54 |        [9 1] |      N |      2.0000 |     3.0000 |   -1.0000 |     -0.1 |   -1.1000
  55 |        [8 1] |     SW |      3.0000 |     2.2361 |    1.0000 |     -0.1 |    0.9000
  56 |        [9 0] |      E |      2.0000 |     2.0000 |    0.0000 |     -0.1 |   -0.1000
  57 |        [9 1] |      N |      2.0000 |     3.0000 |   -1.0000 |     -0.1 |   -1.1000
  58 |        [8 1] |     SW |      3.0000 |     2.2361 |    1.0000 |     -0.1 |    0.9000
  59 |        [9 0] |      E |      2.0000 |     2.0000 |    0.0000 |     -0.1 |   -0.1000
  60 |        [9 1] |      N |      2.0000 |     3.0000 |   -1.0000 |     -0.1 |   -1.1000
  61 |        [8 1] |     SW |      3.0000 |     2.2361 |    1.0000 |     -0.1 |    0.9000
  62 |        [9 0] |      E |      2.0000 |     2.0000 |    0.0000 |     -0.1 |   -0.1000
  63 |        [9 1] |      N |      2.0000 |     3.0000 |   -1.0000 |     -0.1 |   -1.1000
  64 |        [8 1] |     SW |      3.0000 |     2.2361 |    1.0000 |     -0.1 |    0.9000
  65 |        [9 0] |      E |      2.0000 |     2.0000 |    0.0000 |     -0.1 |   -0.1000
  66 |        [9 1] |      N |      2.0000 |     3.0000 |   -1.0000 |     -0.1 |   -1.1000
  67 |        [8 1] |     SW |      3.0000 |     2.2361 |    1.0000 |     -0.1 |    0.9000
  68 |        [9 0] |      E |      2.0000 |     2.0000 |    0.0000 |     -0.1 |   -0.1000
  69 |        [9 1] |      N |      2.0000 |     3.0000 |   -1.0000 |     -0.1 |   -1.1000
  70 |        [8 1] |     SW |      3.0000 |     2.2361 |    1.0000 |     -0.1 |    0.9000
  71 |        [9 0] |      E |      2.0000 |     2.0000 |    0.0000 |     -0.1 |   -0.1000
  72 |        [9 1] |      N |      2.0000 |     3.0000 |   -1.0000 |     -0.1 |   -1.1000
  73 |        [8 1] |     SW |      3.0000 |     2.2361 |    1.0000 |     -0.1 |    0.9000
  74 |        [9 0] |      E |      2.0000 |     2.0000 |    0.0000 |     -0.1 |   -0.1000
  75 |        [9 1] |      N |      2.0000 |     3.0000 |   -1.0000 |     -0.1 |   -1.1000
  76 |        [8 1] |     SW |      3.0000 |     2.2361 |    1.0000 |     -0.1 |    0.9000
  77 |        [9 0] |      E |      2.0000 |     2.0000 |    0.0000 |     -0.1 |   -0.1000
  78 |        [9 1] |      N |      2.0000 |     3.0000 |   -1.0000 |     -0.1 |   -1.1000
  79 |        [8 1] |     SW |      3.0000 |     2.2361 |    1.0000 |     -0.1 |    0.9000
  80 |        [9 0] |      E |      2.0000 |     2.0000 |    0.0000 |     -0.1 |   -0.1000
  81 |        [9 1] |      N |      2.0000 |     3.0000 |   -1.0000 |     -0.1 |   -1.1000
  82 |        [8 1] |     SW |      3.0000 |     2.2361 |    1.0000 |     -0.1 |    0.9000
  83 |        [9 0] |      E |      2.0000 |     2.0000 |    0.0000 |     -0.1 |   -0.1000
  84 |        [9 1] |      N |      2.0000 |     3.0000 |   -1.0000 |     -0.1 |   -1.1000
  85 |        [8 1] |     SW |      3.0000 |     2.2361 |    1.0000 |     -0.1 |    0.9000
  86 |        [9 0] |      E |      2.0000 |     2.0000 |    0.0000 |     -0.1 |   -0.1000
  87 |        [9 1] |      N |      2.0000 |     3.0000 |   -1.0000 |     -0.1 |   -1.1000
  88 |        [8 1] |     SW |      3.0000 |     2.2361 |    1.0000 |     -0.1 |    0.9000
  89 |        [9 0] |      E |      2.0000 |     2.0000 |    0.0000 |     -0.1 |   -0.1000
  90 |        [9 1] |      N |      2.0000 |     3.0000 |   -1.0000 |     -0.1 |   -1.1000
  91 |        [8 1] |     SW |      3.0000 |     2.2361 |    1.0000 |     -0.1 |    0.9000
  92 |        [9 0] |      E |      2.0000 |     2.0000 |    0.0000 |     -0.1 |   -0.1000
  93 |        [9 1] |      N |      2.0000 |     3.0000 |   -1.0000 |     -0.1 |   -1.1000
  94 |        [8 1] |     SW |      3.0000 |     2.2361 |    1.0000 |     -0.1 |    0.9000
  95 |        [9 0] |      E |      2.0000 |     2.0000 |    0.0000 |     -0.1 |   -0.1000
  96 |        [9 1] |      N |      2.0000 |     3.0000 |   -1.0000 |     -0.1 |   -1.1000
  97 |        [8 1] |     SW |      3.0000 |     2.2361 |    1.0000 |     -0.1 |    0.9000
  98 |        [9 0] |      E |      2.0000 |     2.0000 |    0.0000 |     -0.1 |   -0.1000
  99 |        [9 1] |      N |      2.0000 |     3.0000 |   -1.0000 |     -0.1 |   -1.1000
 100 |        [8 1] |     SW |      3.0000 |     2.2361 |    1.0000 |     -0.1 |    0.9000
 101 |        [9 0] |      E |      2.0000 |     2.0000 |    0.0000 |     -0.1 |   -0.1000
 102 |        [9 1] |      N |      2.0000 |     3.0000 |   -1.0000 |     -0.1 |   -1.1000
 103 |        [8 1] |     SW |      3.0000 |     2.2361 |    1.0000 |     -0.1 |    0.9000
 104 |        [9 0] |      E |      2.0000 |     2.0000 |    0.0000 |     -0.1 |   -0.1000
 105 |        [9 1] |      N |      2.0000 |     3.0000 |   -1.0000 |     -0.1 |   -1.1000
 106 |        [8 1] |     SW |      3.0000 |     2.2361 |    1.0000 |     -0.1 |    0.9000
 107 |        [9 0] |      E |      2.0000 |     2.0000 |    0.0000 |     -0.1 |   -0.1000
 108 |        [9 1] |      N |      2.0000 |     3.0000 |   -1.0000 |     -0.1 |   -1.1000
 109 |        [8 1] |     SW |      3.0000 |     2.2361 |    1.0000 |     -0.1 |    0.9000
 110 |        [9 0] |      E |      2.0000 |     2.0000 |    0.0000 |     -0.1 |   -0.1000
 111 |        [9 1] |      N |      2.0000 |     3.0000 |   -1.0000 |     -0.1 |   -1.1000
 112 |        [8 1] |     SW |      3.0000 |     2.2361 |    1.0000 |     -0.1 |    0.9000
 113 |        [9 0] |      E |      2.0000 |     2.0000 |    0.0000 |     -0.1 |   -0.1000
 114 |        [9 1] |      N |      2.0000 |     3.0000 |   -1.0000 |     -0.1 |   -1.1000
 115 |        [8 1] |     SW |      3.0000 |     2.2361 |    1.0000 |     -0.1 |    0.9000
 116 |        [9 0] |      E |      2.0000 |     2.0000 |    0.0000 |     -0.1 |   -0.1000
 117 |        [9 1] |      N |      2.0000 |     3.0000 |   -1.0000 |     -0.1 |   -1.1000
 118 |        [8 1] |     SW |      3.0000 |     2.2361 |    1.0000 |     -0.1 |    0.9000
 119 |        [9 0] |      E |      2.0000 |     2.0000 |    0.0000 |     -0.1 |   -0.1000
 120 |        [9 1] |      N |      2.0000 |     3.0000 |   -1.0000 |     -0.1 |   -1.1000
 121 |        [8 1] |     SW |      3.0000 |     2.2361 |    1.0000 |     -0.1 |    0.9000
 122 |        [9 0] |      E |      2.0000 |     2.0000 |    0.0000 |     -0.1 |   -0.1000
 123 |        [9 1] |      N |      2.0000 |     3.0000 |   -1.0000 |     -0.1 |   -1.1000
 124 |        [8 1] |     SW |      3.0000 |     2.2361 |    1.0000 |     -0.1 |    0.9000
 125 |        [9 0] |      E |      2.0000 |     2.0000 |    0.0000 |     -0.1 |   -0.1000
 126 |        [9 1] |      N |      2.0000 |     3.0000 |   -1.0000 |     -0.1 |   -1.1000
 127 |        [8 1] |     SW |      3.0000 |     2.2361 |    1.0000 |     -0.1 |    0.9000
 128 |        [9 0] |      E |      2.0000 |     2.0000 |    0.0000 |     -0.1 |   -0.1000
 129 |        [9 1] |      N |      2.0000 |     3.0000 |   -1.0000 |     -0.1 |   -1.1000
 130 |        [8 1] |     SW |      3.0000 |     2.2361 |    1.0000 |     -0.1 |    0.9000
 131 |        [9 0] |      E |      2.0000 |     2.0000 |    0.0000 |     -0.1 |   -0.1000
 132 |        [9 1] |      N |      2.0000 |     3.0000 |   -1.0000 |     -0.1 |   -1.1000
 133 |        [8 1] |     SW |      3.0000 |     2.2361 |    1.0000 |     -0.1 |    0.9000
 134 |        [9 0] |      E |      2.0000 |     2.0000 |    0.0000 |     -0.1 |   -0.1000
 135 |        [9 1] |      N |      2.0000 |     3.0000 |   -1.0000 |     -0.1 |   -1.1000
 136 |        [8 1] |     SW |      3.0000 |     2.2361 |    1.0000 |     -0.1 |    0.9000
 137 |        [9 0] |      E |      2.0000 |     2.0000 |    0.0000 |     -0.1 |   -0.1000
 138 |        [9 1] |      N |      2.0000 |     3.0000 |   -1.0000 |     -0.1 |   -1.1000
 139 |        [8 1] |     SW |      3.0000 |     2.2361 |    1.0000 |     -0.1 |    0.9000
 140 |        [9 0] |      E |      2.0000 |     2.0000 |    0.0000 |     -0.1 |   -0.1000
 141 |        [9 1] |      N |      2.0000 |     3.0000 |   -1.0000 |     -0.1 |   -1.1000
 142 |        [8 1] |     SW |      3.0000 |     2.2361 |    1.0000 |     -0.1 |    0.9000
 143 |        [9 0] |      E |      2.0000 |     2.0000 |    0.0000 |     -0.1 |   -0.1000
 144 |        [9 1] |      N |      2.0000 |     3.0000 |   -1.0000 |     -0.1 |   -1.1000
 145 |        [8 1] |     SW |      3.0000 |     2.2361 |    1.0000 |     -0.1 |    0.9000
 146 |        [9 0] |      E |      2.0000 |     2.0000 |    0.0000 |     -0.1 |   -0.1000
 147 |        [9 1] |      N |      2.0000 |     3.0000 |   -1.0000 |     -0.1 |   -1.1000
 148 |        [8 1] |     SW |      3.0000 |     2.2361 |    1.0000 |     -0.1 |    0.9000
 149 |        [9 0] |      E |      2.0000 |     2.0000 |    0.0000 |     -0.1 |   -0.1000
 150 |        [9 1] |      N |      2.0000 |     3.0000 |   -1.0000 |     -0.1 |   -1.1000
 151 |        [8 1] |     SW |      3.0000 |     2.2361 |    1.0000 |     -0.1 |    0.9000
 152 |        [9 0] |      E |      2.0000 |     2.0000 |    0.0000 |     -0.1 |   -0.1000
 153 |        [9 1] |      N |      2.0000 |     3.0000 |   -1.0000 |     -0.1 |   -1.1000
 154 |        [8 1] |     SW |      3.0000 |     2.2361 |    1.0000 |     -0.1 |    0.9000
 155 |        [9 0] |      E |      2.0000 |     2.0000 |    0.0000 |     -0.1 |   -0.1000
 156 |        [9 1] |      N |      2.0000 |     3.0000 |   -1.0000 |     -0.1 |   -1.1000
 157 |        [8 1] |     SW |      3.0000 |     2.2361 |    1.0000 |     -0.1 |    0.9000
 158 |        [9 0] |      E |      2.0000 |     2.0000 |    0.0000 |     -0.1 |   -0.1000
 159 |        [9 1] |      N |      2.0000 |     3.0000 |   -1.0000 |     -0.1 |   -1.1000
 160 |        [8 1] |     SW |      3.0000 |     2.2361 |    1.0000 |     -0.1 |    0.9000
 161 |        [9 0] |      E |      2.0000 |     2.0000 |    0.0000 |     -0.1 |   -0.1000
 162 |        [9 1] |      N |      2.0000 |     3.0000 |   -1.0000 |     -0.1 |   -1.1000
 163 |        [8 1] |     SW |      3.0000 |     2.2361 |    1.0000 |     -0.1 |    0.9000
 164 |        [9 0] |      E |      2.0000 |     2.0000 |    0.0000 |     -0.1 |   -0.1000
 165 |        [9 1] |      N |      2.0000 |     3.0000 |   -1.0000 |     -0.1 |   -1.1000
 166 |        [8 1] |     SW |      3.0000 |     2.2361 |    1.0000 |     -0.1 |    0.9000
 167 |        [9 0] |      E |      2.0000 |     2.0000 |    0.0000 |     -0.1 |   -0.1000
 168 |        [9 1] |      N |      2.0000 |     3.0000 |   -1.0000 |     -0.1 |   -1.1000
 169 |        [8 1] |     SW |      3.0000 |     2.2361 |    1.0000 |     -0.1 |    0.9000
 170 |        [9 0] |      E |      2.0000 |     2.0000 |    0.0000 |     -0.1 |   -0.1000
 171 |        [9 1] |      N |      2.0000 |     3.0000 |   -1.0000 |     -0.1 |   -1.1000
 172 |        [8 1] |     SW |      3.0000 |     2.2361 |    1.0000 |     -0.1 |    0.9000
 173 |        [9 0] |      E |      2.0000 |     2.0000 |    0.0000 |     -0.1 |   -0.1000
 174 |        [9 1] |      N |      2.0000 |     3.0000 |   -1.0000 |     -0.1 |   -1.1000
 175 |        [8 1] |     SW |      3.0000 |     2.2361 |    1.0000 |     -0.1 |    0.9000
 176 |        [9 0] |      E |      2.0000 |     2.0000 |    0.0000 |     -0.1 |   -0.1000
 177 |        [9 1] |      N |      2.0000 |     3.0000 |   -1.0000 |     -0.1 |   -1.1000
 178 |        [8 1] |     SW |      3.0000 |     2.2361 |    1.0000 |     -0.1 |    0.9000
 179 |        [9 0] |      E |      2.0000 |     2.0000 |    0.0000 |     -0.1 |   -0.1000
 180 |        [9 1] |      N |      2.0000 |     3.0000 |   -1.0000 |     -0.1 |   -1.1000
 181 |        [8 1] |     SW |      3.0000 |     2.2361 |    1.0000 |     -0.1 |    0.9000
 182 |        [9 0] |      E |      2.0000 |     2.0000 |    0.0000 |     -0.1 |   -0.1000
 183 |        [9 1] |      N |      2.0000 |     3.0000 |   -1.0000 |     -0.1 |   -1.1000
 184 |        [8 1] |     SW |      3.0000 |     2.2361 |    1.0000 |     -0.1 |    0.9000
 185 |        [9 0] |      E |      2.0000 |     2.0000 |    0.0000 |     -0.1 |   -0.1000
 186 |        [9 1] |      N |      2.0000 |     3.0000 |   -1.0000 |     -0.1 |   -1.1000
 187 |        [8 1] |     SW |      3.0000 |     2.2361 |    1.0000 |     -0.1 |    0.9000
 188 |        [9 0] |      E |      2.0000 |     2.0000 |    0.0000 |     -0.1 |   -0.1000
 189 |        [9 1] |      N |      2.0000 |     3.0000 |   -1.0000 |     -0.1 |   -1.1000
 190 |        [8 1] |     SW |      3.0000 |     2.2361 |    1.0000 |     -0.1 |    0.9000
 191 |        [9 0] |      E |      2.0000 |     2.0000 |    0.0000 |     -0.1 |   -0.1000
 192 |        [9 1] |      N |      2.0000 |     3.0000 |   -1.0000 |     -0.1 |   -1.1000
 193 |        [8 1] |     SW |      3.0000 |     2.2361 |    1.0000 |     -0.1 |    0.9000
 194 |        [9 0] |      E |      2.0000 |     2.0000 |    0.0000 |     -0.1 |   -0.1000
 195 |        [9 1] |      N |      2.0000 |     3.0000 |   -1.0000 |     -0.1 |   -1.1000
 196 |        [8 1] |     SW |      3.0000 |     2.2361 |    1.0000 |     -0.1 |    0.9000
 197 |        [9 0] |      E |      2.0000 |     2.0000 |    0.0000 |     -0.1 |   -0.1000
 198 |        [9 1] |      N |      2.0000 |     3.0000 |   -1.0000 |     -0.1 |   -1.1000
 199 |        [8 1] |     SW |      3.0000 |     2.2361 |    1.0000 |     -0.1 |    0.9000
 200 |        [9 0] |      E |      2.0000 |     2.0000 |    0.0000 |     -0.1 |   -0.1000
 201 |        [9 1] |      N |      2.0000 |     3.0000 |   -1.0000 |     -0.1 |   -1.1000
 202 |        [8 1] |     SW |      3.0000 |     2.2361 |    1.0000 |     -0.1 |    0.9000
 203 |        [9 0] |      E |      2.0000 |     2.0000 |    0.0000 |     -0.1 |   -0.1000
 204 |        [9 1] |      N |      2.0000 |     3.0000 |   -1.0000 |     -0.1 |   -1.1000
 205 |        [8 1] |     SW |      3.0000 |     2.2361 |    1.0000 |     -0.1 |    0.9000
 206 |        [9 0] |      E |      2.0000 |     2.0000 |    0.0000 |     -0.1 |   -0.1000
 207 |        [9 1] |      N |      2.0000 |     3.0000 |   -1.0000 |     -0.1 |   -1.1000
 208 |        [8 1] |     SW |      3.0000 |     2.2361 |    1.0000 |     -0.1 |    0.9000
 209 |        [9 0] |      E |      2.0000 |     2.0000 |    0.0000 |     -0.1 |   -0.1000
 210 |        [9 1] |      N |      2.0000 |     3.0000 |   -1.0000 |     -0.1 |   -1.1000
 211 |        [8 1] |     SW |      3.0000 |     2.2361 |    1.0000 |     -0.1 |    0.9000
 212 |        [9 0] |      E |      2.0000 |     2.0000 |    0.0000 |     -0.1 |   -0.1000
 213 |        [9 1] |      N |      2.0000 |     3.0000 |   -1.0000 |     -0.1 |   -1.1000
 214 |        [8 1] |     SW |      3.0000 |     2.2361 |    1.0000 |     -0.1 |    0.9000
 215 |        [9 0] |      E |      2.0000 |     2.0000 |    0.0000 |     -0.1 |   -0.1000
 216 |        [9 1] |      N |      2.0000 |     3.0000 |   -1.0000 |     -0.1 |   -1.1000
 217 |        [8 1] |     SW |      3.0000 |     2.2361 |    1.0000 |     -0.1 |    0.9000
 218 |        [9 0] |      E |      2.0000 |     2.0000 |    0.0000 |     -0.1 |   -0.1000
 219 |        [9 1] |      N |      2.0000 |     3.0000 |   -1.0000 |     -0.1 |   -1.1000
 220 |        [8 1] |     SW |      3.0000 |     2.2361 |    1.0000 |     -0.1 |    0.9000
 221 |        [9 0] |      E |      2.0000 |     2.0000 |    0.0000 |     -0.1 |   -0.1000
 222 |        [9 1] |      N |      2.0000 |     3.0000 |   -1.0000 |     -0.1 |   -1.1000
 223 |        [8 1] |     SW |      3.0000 |     2.2361 |    1.0000 |     -0.1 |    0.9000
 224 |        [9 0] |      E |      2.0000 |     2.0000 |    0.0000 |     -0.1 |   -0.1000
 225 |        [9 1] |      N |      2.0000 |     3.0000 |   -1.0000 |     -0.1 |   -1.1000
---------------------------------------------------------------------------------------------------------

